procs -----------memory---------- ---swap-- -----io---- -system-- ------cpu-----
 r  b   swpd   free   buff  cache   si   so    bi    bo   in   cs us sy id wa st
 2  0  33280 315668 1067028 6862052    0    0     5    27   27   17  2  1 97  0  0
 0  0  33280 303360 1067036 6865152    0    0     0    74 2472 5900  4  1 95  0  0
 1  0  33280 220452 1067104 6924020    0    0     3   670 2776 6385  5  1 94  0  0
 0  0  33280 253592 1067104 6895488    0    0     0     2 3249 7390  6  2 92  0  0
 1  0  33280 242492 1067108 6901896    0    0     1   555 4266 6916  5  1 94  0  0
 0  0  33280 244656 1067108 6891924    0    0     2    73 4918 9316  8  2 90  0  0
 2  0  33280 251084 1067108 6888984    0    0   205   309 1741 4200  3  1 96  0  0
 3  0  33280 257384 1067124 6885900    0    0     0   542 3188 8119  7  2 91  0  0
 2  0  33280 254772 1067124 6888280    0    0     2    79 2398 6051  5  1 94  0  0
 0  0  33280 267756 1067136 6880088    0    0     1    53 2504 6124  5  2 93  0  0
 2  0  33280 272028 1067136 6883656    0    0     0   570 2790 7038  6  2 92  0  0
 1  0  33280 272256 1067140 6881532    0    0     0    63 3069 6060  5  2 94  0  0
 1  0  33280 223992 1067144 6907672    0    0     0   189 5940 8796  6  2 92  0  0
 2  0  33280 237756 1067152 6888796    0    0     0   754 5446 9017  6  1 93  0  0
 1  0  33280 159044 1063612 6902892    0   18     0   786 3617 6361  3  1 95  1  0
 0  0  33280 179680 1063280 6883208    0    0     0    50 3203 4790  3  1 96  0  0
 1  0  33280 159904 1063292 6903540    0    0     0   238 2753 4463  3  1 96  0  0
