procs -----------memory---------- ---swap-- -----io---- -system-- ------cpu-----
 r  b   swpd   free   buff  cache   si   so    bi    bo   in   cs us sy id wa st
 4  0  37632 271112 1060848 6841572    0    0     5    27   27   27  2  1 97  0  0
 0  0  37632 241684 1060856 6840128    0    0     9   117 2643 6021  4  1 95  0  0
 0  0  37632 204816 1057096 6858688    0    0     2   108 2899 6092  5  1 94  0  0
 0  0  37632 249096 1057100 6820200    0    0     0  1255 3836 7379  5  2 93  0  0
 0  1  37632 200132 1057176 6841892    0    0     0   374 5395 8547  6  2 92  0  0
 0  0  38912 221508 1056288 6869120    0  261    10   564 6054 8863  6  2 93  0  0
 3  0  38912 235500 1056292 6832992    0    0     0   578 4414 5451  4  1 95  0  0
 0  0  38912 246944 1056292 6821972    0    0     0    55 1719 4343  3  1 96  0  0
 0  0  38912 222196 1056304 6829348    0    0     0   126 2377 3979  3  1 96  0  0
 0  0  38912 167256 1056304 6872256    0    0     0   487 5657 7479  4  2 94  0  0
 0  0  39936 200572 1055552 6842580    0  164     0   290 6045 7442  4  1 94  0  0
 0  0  39936 229844 1055552 6822220    0    0     0    56 3181 5311  3  1 95  0  0
 1  0  39936 223232 1055552 6836712    0    0     0     2 4273 4542  3  1 97  0  0
 0  1  39936 219256 1054820 6855012    0    0     0   574 5290 8198  5  2 93  0  0
 0  0  39936 231200 1054828 6839228    0    0     1   118 4150 6735  5  1 94  0  0
 1  0  39936 211040 1054828 6857680    0    0     0   268 3907 6633  4  1 94  0  0
 1  1  39936 211932 1054912 6828208    0    0     1   499 4985 6690  3  1 95  0  0
