0.000000
0.000000
0.000000
0.000000
0.000000
0.000000
0.000000
0.000000
0.000000
0.000000
0.000000
0.000000
0.000000
0.000000
0.000000
0.000000
0.000000
0.000000
0.000000
0.000000
0.066639
0.066648
0.066643
0.066648
0.000000
0.066641
0.000000
0.000000
0.000000
0.000000
0.000000
0.000000
0.000000
0.000000
0.000000
0.000000
0.000000
0.000000
0.000000
0.000000
0.099558
0.099546
0.099514
0.099489
0.099491
0.099401
0.099369
0.099339
0.099347
0.099327
0.099292
0.099127
0.099118
0.099154
0.099060
0.099058
0.099171
0.098942
0.098925
0.099131
0.099391
0.099353
0.099357
0.099311
0.099341
0.099193
0.099111
0.099087
0.099057
0.099023
0.099043
0.098928
0.098769
0.098865
0.098875
0.098837
0.098787
0.098686
0.098799
0.098618
0.099570
0.099637
0.099543
0.099487
0.099489
0.099419
0.099431
0.099397
0.099331
0.099340
0.099310
0.099304
0.099251
0.099115
0.099064
0.099067
0.098956
0.098994
0.099095
0.098933
0.099625
0.099595
0.099563
0.099556
0.099503
0.099367
0.099271
0.099278
0.099197
0.099183
0.099176
0.099147
0.099073
0.099085
0.099075
0.098998
0.098984
0.098979
0.098963
0.098992
