inf
inf
inf
inf
inf
inf
inf
inf
inf
inf
inf
inf
inf
inf
inf
inf
inf
inf
inf
inf
5005750.500000
5004120.500000
5005198.500000
5004166.000000
inf
5005446.500000
inf
inf
inf
inf
inf
inf
inf
inf
inf
inf
inf
inf
inf
inf
44156.000000
45506.000000
48678.000000
51285.000000
51037.500000
60102.000000
63358.500000
66384.000000
65563.500000
67661.000000
71241.500000
87949.000000
88941.000000
85157.500000
94840.000000
95049.500000
83441.000000
106800.000000
108604.000000
87607.000000
61132.000000
64946.500000
64597.500000
69257.500000
66188.000000
81222.500000
89573.500000
92078.500000
95083.000000
98552.000000
96378.500000
108200.000000
124453.500000
114581.000000
113690.000000
117496.500000
122667.500000
133077.000000
121502.500000
140019.000000
43025.500000
36158.500000
45765.500000
51393.500000
51216.500000
58391.000000
57089.500000
60541.000000
67231.500000
66327.500000
69392.000000
70045.500000
75349.500000
89148.500000
94404.000000
94050.000000
105338.000000
101540.500000
91179.000000
107740.500000
37413.000000
40488.500000
43737.000000
44530.000000
49874.000000
63603.000000
73192.000000
72528.500000
80822.000000
82269.500000
82972.000000
85869.500000
93431.000000
92305.000000
93289.500000
101011.500000
102515.500000
103041.500000
104652.500000
101742.500000
